len(df_copy): 211
minData(): 2016-10-31 23:59:00
maxData(): 2017-10-31 23:59:00
len(df): 1718017
1月:
[72.411000000000001, 44.604999999999997, 18.754000000000001, 15.548, 12.045, 
20.042999999999999, 41.716000000000001, 68.331999999999994, 78.808999999999997, 
84.519000000000005, 71.506, 65.834999999999994, 64.337000000000003, 63.119, 69.753, 
56.835999999999999, 57.368000000000002, 59.046999999999997, 75.605999999999995, 
100.923, 154.619, 166.642, 135.85400000000001, 104.038]
2月:
[66.361999999999995, 37.838999999999999, 16.994, 10.311999999999999, 9.8879999999999999, 
15.4, 37.792000000000002, 59.454000000000001, 79.680000000000007, 74.462000000000003, 
68.106999999999999, 60.146000000000001, 57.387999999999998, 58.929000000000002, 
64.037999999999997, 53.616999999999997, 52.768999999999998, 58.145000000000003, 
73.218000000000004, 100.574, 154.92400000000001, 172.17599999999999, 137.53299999999999, 101.166]
3月:
[82.581000000000003, 52.832999999999998, 26.649999999999999, 13.664999999999999, 
13.188000000000001, 20.986999999999998, 56.915999999999997, 80.727000000000004, 
97.986000000000004, 95.998000000000005, 75.778000000000006, 80.302999999999997, 
65.620000000000005, 67.242999999999995, 78.159999999999997, 51.491, 56.813000000000002, 
67.641000000000005, 82.703000000000003, 122.42700000000001, 184.679, 221.078, 173.83099999999999, 142.023]
4月:
[93.789000000000001, 59.234000000000002, 28.257999999999999, 16.010999999999999, 16.375, 
25.472999999999999, 65.659999999999997, 88.486000000000004, 108.654, 103.509, 
83.879000000000005, 87.480000000000004, 73.831999999999994, 78.028000000000006, 
81.311999999999998, 53.375999999999998, 59.206000000000003, 67.959999999999994, 
85.838999999999999, 120.864, 182.83699999999999, 212.709, 176.749, 149.465]
5月:
[103.02, 69.825999999999993, 36.113, 18.192, 19.863, 33.256, 70.697000000000003, 
93.713999999999999, 111.133, 108.619, 78.564999999999998, 92.572000000000003, 
77.683999999999997, 84.944000000000003, 82.855999999999995, 53.640000000000001, 
60.313000000000002, 70.962000000000003, 85.450000000000003, 123.28400000000001, 
191.81999999999999, 225.00700000000001, 188.417, 156.74000000000001]
6月:
[104.639, 63.950000000000003, 30.579999999999998, 17.212, 20.738, 33.869, 
77.652000000000001, 93.891999999999996, 112.259, 103.675, 80.0, 88.463999999999999, 
76.409000000000006, 92.771000000000001, 95.950999999999993, 62.055999999999997, 
63.063000000000002, 73.046000000000006, 88.043999999999997, 135.25700000000001, 
206.77199999999999, 247.21000000000001, 204.91800000000001, 167.48699999999999]
7月:
[107.59999999999999, 68.849000000000004, 30.439, 18.574000000000002, 23.545999999999999, 
32.107999999999997, 80.501999999999995, 96.361999999999995, 125.66, 117.495, 
90.427000000000007, 93.021000000000001, 88.704999999999998, 101.69799999999999, 
99.912000000000006, 72.073999999999998, 68.691999999999993, 75.587999999999994, 
94.727000000000004, 140.96100000000001, 218.86099999999999, 252.78999999999999, 
211.78299999999999, 177.86099999999999]
8月:
[110.735, 70.810000000000002, 31.797999999999998, 19.198, 25.504000000000001, 
35.838999999999999, 76.971000000000004, 94.165999999999997, 119.333, 115.27, 
87.962000000000003, 94.998999999999995, 82.959999999999994, 100.913, 
99.290000000000006, 72.039000000000001, 61.154000000000003, 70.948999999999998, 
90.429000000000002, 139.23500000000001, 214.21000000000001, 253.16800000000001, 
215.81800000000001, 177.09299999999999]
9月:
[102.908, 66.162000000000006, 30.265000000000001, 20.128, 18.283999999999999, 
31.753, 75.822000000000003, 92.236999999999995, 115.126, 110.61799999999999, 
78.683000000000007, 91.168999999999997, 77.719999999999999, 92.069000000000003, 
89.501999999999995, 65.840999999999994, 58.704000000000001, 72.914000000000001, 
90.275000000000006, 118.45999999999999, 202.87100000000001, 231.01400000000001, 
205.614, 160.80600000000001]
10月:
[95.861999999999995, 59.302999999999997, 28.466999999999999, 18.541, 18.248000000000001, 
28.138000000000002, 60.893999999999998, 87.161000000000001, 97.498000000000005, 108.854, 
90.908000000000001, 88.903000000000006, 80.819999999999993, 82.007999999999996, 78.010999999999996, 
62.375, 54.009, 68.486999999999995, 84.745000000000005, 113.791, 185.511, 202.952, 
175.69499999999999, 130.15700000000001]
11月:
[65.230000000000004, 41.465000000000003, 20.771999999999998, 15.967000000000001, 12.738, 
22.408000000000001, 47.378999999999998, 76.165999999999997, 87.298000000000002, 69.203999999999994, 
66.870000000000005, 67.194999999999993, 63.531999999999996, 68.075000000000003, 77.361999999999995, 
56.060000000000002, 50.232999999999997, 61.418999999999997, 79.983999999999995, 112.82299999999999,
176.50800000000001, 201.83000000000001, 160.928, 117.392]
12月:
[32.493000000000002, 21.202000000000002, 10.271000000000001, 8.5709999999999997, 7.1260000000000003, 
11.407999999999999, 23.651, 35.203000000000003, 39.143999999999998, 32.912999999999997, 30.594000000000001, 
31.530999999999999, 29.556000000000001, 32.859000000000002, 39.542000000000002, 28.248999999999999, 25.276, 
29.332999999999998, 34.953000000000003, 51.295999999999999, 86.379999999999995, 94.231999999999999, 
79.533000000000001, 62.877000000000002]

七月每天用水:  [80.725999999999999, 85.533000000000001, 77.161000000000001, 75.269999999999996, 
                78.712999999999994, 78.700999999999993, 76.049000000000007, 81.445999999999998, 
				91.173000000000002, 82.263000000000005, 82.695999999999998, 80.007000000000005, 
				80.088999999999999, 76.203000000000003, 79.683999999999997, 81.120000000000005, 
				74.194999999999993, 75.090000000000003, 75.337999999999994, 80.376000000000005, 
				77.697000000000003, 81.573999999999998, 79.959000000000003, 79.260999999999996, 
				86.299999999999997, 81.301000000000002, 77.245999999999995, 75.271000000000001, 
				81.808000000000007, 88.451999999999998, 87.533000000000001]
				
二月每天用水:  [22.548999999999999, 32.378999999999998, 44.128999999999998, 47.173000000000002, 
                54.841999999999999, 57.878999999999998, 52.496000000000002, 56.979999999999997, 
				52.229999999999997, 52.436999999999998, 55.835000000000001, 66.385999999999996, 
				61.993000000000002, 64.247, 62.238999999999997, 64.165000000000006, 
				61.829000000000001, 70.936999999999998, 68.876999999999995, 68.492000000000004, 
				68.515000000000001, 67.480999999999995, 60.853000000000002, 55.286000000000001, 
				54.770000000000003, 64.524000000000001, 62.469000000000001, 68.921000000000006]
				
小时: [1037.6300000000001, 656.07799999999997, 309.36099999999999, 191.91900000000001, 197.54300000000001, 
       310.68200000000002, 715.65200000000004, 965.89999999999998, 1172.5799999999999, 1125.136, 903.279, 
	   941.61800000000005, 838.56299999999999, 922.65599999999995, 955.68899999999996, 687.654, 
	   667.60000000000002, 775.49099999999999, 965.97299999999996, 1379.895, 2159.9920000000002, 
	   2480.808, 2066.6729999999998, 1647.105]
星期: [3436.223, 3540.3119999999999, 3384.404, 3378.7620000000002,
       3204.6610000000001, 3426.1610000000001, 3704.9540000000002]
星期: [3436.223, 3550.337, 3449.018, 3378.7620000000002, 3204.6610000000001,
       3426.1610000000001, 3704.9540000000002]
月: [1702.2650000000001, 1620.913, 2011.3209999999999, 2118.9850000000001, 2236.6869999999999, 
     2339.9140000000002, 2488.2350000000001, 2459.8429999999998, 2298.9450000000002, 2101.3380000000002, 
	 1818.838, 878.19299999999998]

个用户凌晨3.4点用水量:[(16104555, 0.0),(16104687, 0.0),(16104804, 0.0),(16104821, 0.0),(16104847, 0.0030000000000000001),
(16104690, 0.0050000000000000001), (16104842, 0.0050000000000000001), (16104500, 0.017000000000000001),
 (16104818, 0.017999999999999999), (16104629, 0.019), (16104816, 0.02), (16104811, 0.023), (16104699, 0.027),
 (16104831, 0.027), (16104833, 0.033000000000000002), (16104817, 0.035999999999999997), (16104663, 0.039),

 (16104627, 0.042000000000000003), (16104691, 0.051999999999999998), (16104936, 0.057000000000000002), (16104806, 0.062), (16104641, 0.071999999999999995), (16104486, 0.074999999999999997), (16104653, 0.084000000000000005), (16104688, 0.084000000000000005), (16104647, 0.089999999999999997), (16104633, 0.092999999999999999), (16104675, 0.098000000000000004), (16104937, 0.10100000000000001), (16104777, 0.10299999999999999), (16104648, 0.104), (16104650, 0.11), (16104834, 0.113), (16104798, 0.12), (16104849, 0.127), (16104940, 0.13), (16104554, 0.13100000000000001), (16104785, 0.13600000000000001), (16104570, 0.13800000000000001), (16104479, 0.14599999999999999), (16104682, 0.14599999999999999), (16104553, 0.151), (16104667, 0.151), (16104830, 0.157), (16104575, 0.161), (16104809, 0.16200000000000001), (16104700, 0.16400000000000001), (16104935, 0.16400000000000001), (16104934, 0.16500000000000001), (16104949, 0.17299999999999999), (16104810, 0.17599999999999999), (16104939, 0.17999999999999999), (16104649, 0.18099999999999999), (16104637, 0.182), (16104778, 0.186), (16104562, 0.188), (16104480, 0.192), (16104660, 0.19400000000000001), (16104848, 0.20000000000000001), (16104795, 0.20300000000000001), (16104832, 0.20399999999999999), (16104640, 0.20799999999999999), (16104493, 0.20999999999999999), (16104662, 0.21199999999999999), (16104929, 0.21299999999999999), (16104678, 0.215), (16104813, 0.22), (16104698, 0.222), (16104780, 0.24099999999999999), (16104670, 0.24199999999999999), (16104677, 0.24199999999999999), (16104843, 0.24299999999999999), (16104823, 0.249), (16104644, 0.27500000000000002), (16104803, 0.27500000000000002), (16104802, 0.27900000000000003), (16104635, 0.28399999999999997), (16104566, 0.32600000000000001), (16104827, 0.33100000000000002), (16104574, 0.33200000000000002), (16104665, 0.33900000000000002), (16104636, 0.34999999999999998), (16104928, 0.35499999999999998), (16104793, 0.36499999999999999), (16104944, 0.36599999999999999), (16104820, 0.36799999999999999), (16104787, 0.37), (16104783, 0.376), (16104946, 0.377), (16104819, 0.38100000000000001), (16104490, 0.38200000000000001), (16104684, 0.38500000000000001), (16104631, 0.38600000000000001), (16104846, 0.38600000000000001), (16104805, 0.39300000000000002), (16104930, 0.39600000000000002), (16104556, 0.42999999999999999), (16104792, 0.45300000000000001), (16104807, 0.46400000000000002), (16104676, 0.46899999999999997), (16104683, 0.47699999999999998), (16104681, 0.48599999999999999), (16104484, 0.48699999999999999), (16104478, 0.48999999999999999), (16104496, 0.50600000000000001), (16104567, 0.51500000000000001), (16104822, 0.52300000000000002), (16104839, 0.53100000000000003), (16104841, 0.53200000000000003), (16104943, 0.53700000000000003), (16104646, 0.55100000000000005), (16104789, 0.56599999999999995), (16104791, 0.57599999999999996), (16104655, 0.57699999999999996), (16104950, 0.58199999999999996), (16104654, 0.58599999999999997), (16104828, 0.58799999999999997), (16104632, 0.59699999999999998), (16104482, 0.60499999999999998), (16104932, 0.629), (16104697, 0.63900000000000001), (16104491, 0.65500000000000003), (16104488, 0.65600000000000003), (16104564, 0.69699999999999995), (16104652, 0.70299999999999996), (16104790, 0.71699999999999997), (16104840, 0.71699999999999997), (16104696, 0.71899999999999997), (16104845, 0.71999999999999997), (16104481, 0.72799999999999998), (16104685, 0.72999999999999998), (16104498, 0.73799999999999999), (16104812, 0.747), (16104826, 0.77000000000000002), (16104494, 0.80200000000000005), (16101901, 0.81100000000000005), (16104829, 0.85999999999999999), (16104497, 0.86099999999999999), (16101902, 0.86399999999999999), (16104559, 0.86899999999999999), (16104642, 0.873), (16104487, 0.878), (16104801, 0.88), (16104776, 0.89100000000000001), (16104492, 0.92600000000000005), (16104552, 0.95099999999999996), (16104686, 0.95199999999999996), (16104634, 0.98699999999999999), (16104799, 1.0069999999999999), (16104931, 1.034), (16104800, 1.123), (16104672, 1.1419999999999999), (16104693, 1.161), (16104794, 1.161), (16104808, 1.2649999999999999), (16104669, 1.353), (16104661, 1.389), (16104824, 1.4159999999999999), (16104788, 1.421), (16104568, 1.4399999999999999), (16104485, 1.4650000000000001), (16104786, 1.508), (16104797, 1.635), (16104645, 1.6499999999999999), (16104639, 1.665), (16104815, 1.7390000000000001), (16104573, 1.77), (16104838, 1.7749999999999999), (16104933, 1.7829999999999999), (16104638, 1.792), (16104666, 1.8149999999999999), (16104844, 1.9179999999999999), (16104630, 1.988), (16104551, 2.1120000000000001), (16104689, 2.1549999999999998), (16104657, 2.2490000000000001), (16104499, 2.3119999999999998), (16104695, 2.3340000000000001), (16104651, 2.343), (16104674, 2.3650000000000002), (16104664, 2.5499999999999998), (16104476, 2.6139999999999999), (16104560, 2.6669999999999998), (16104572, 2.972),(16104779, 2.9929999999999999), (16104796, 3.21), (16104784, 3.2149999999999999), (16101903, 3.2189999999999999),(16104626, 3.4220000000000002), (16104561, 3.5379999999999998), (16104948, 3.871),

(16104483, 3.9689999999999999),(16104835, 4.0380000000000003), (16104850, 4.4880000000000004), (16104643, 5.3140000000000001),
(16104814, 5.665), (16101907, 5.7709999999999999), (16101906, 6.6619999999999999), (16104782, 6.7779999999999996),
(16104837, 7.0709999999999997), (16104692, 9.2289999999999992), (16104927, 9.548), (16104947, 10.259), (16104942, 10.462),
 (16104938, 11.023), (16104941, 14.696999999999999), (16104565, 15.959), (16104495, 21.149000000000001),
 (16104656, 27.193000000000001), (16104628, 34.831000000000003), (16104489, 40.497999999999998)]

每户全年用水量: [(16104555, 0.0), (16104804, 0.0), (16104687, 0.056000000000000001), (16104847, 2.8599999999999999), (16104821, 11.08), (16104635, 15.391), (16104662, 17.379000000000001), (16104629, 17.602), (16104795, 17.672000000000001), (16104479, 18.425999999999998), (16104500, 19.303000000000001), (16104806, 20.593), (16104653, 22.768000000000001), (16104848, 24.007000000000001), (16104798, 25.785), (16104831, 25.997), (16104816, 27.459), (16104939, 28.859999999999999), (16104931, 31.196999999999999), (16104844, 32.683999999999997), (16104780, 34.363), (16104496, 34.686), (16104936, 36.097000000000001), (16104950, 37.148000000000003), (16104788, 37.469999999999999), (16104827, 38.030999999999999), (16104641, 38.116), (16104838, 38.853999999999999), (16104819, 39.305999999999997), (16104833, 39.767000000000003), (16101902, 41.072000000000003), (16104676, 42.234000000000002), (16104649, 42.655000000000001), (16104688, 43.164000000000001), (16104802, 43.624000000000002), (16104640, 44.718000000000004), (16104486, 44.956000000000003), (16104696, 45.170999999999999), (16104693, 45.246000000000002), (16104675, 48.430999999999997), (16104650, 51.929000000000002), (16104820, 53.313000000000002), (16104627, 54.710000000000001), (16104849, 56.347000000000001), (16104699, 56.686), (16104638, 56.884), (16104785, 57.286999999999999), (16104834, 58.283999999999999), (16104683, 58.899000000000001), (16104782, 59.350000000000001), (16104929, 60.054000000000002), (16104817, 61.593000000000004), (16104927, 61.923000000000002), (16104843, 61.976999999999997), (16104575, 62.652000000000001), (16104800, 62.743000000000002), (16104488, 64.527000000000001), (16104493, 64.846999999999994), (16104691, 65.325999999999993), (16104485, 65.468000000000004), (16104670, 65.909999999999997), (16104832, 67.433000000000007), (16104674, 67.512), (16104807, 68.549000000000007), (16104499, 68.587000000000003), (16104553, 69.046000000000006), (16104700, 69.876999999999995), (16104632, 71.048000000000002), (16104842, 71.126999999999995), (16104812, 72.052000000000007), (16104681, 72.528999999999996), (16104574, 73.620999999999995), (16104813, 74.123999999999995), (16104684, 74.656000000000006), (16104805, 74.890000000000001), (16104648, 75.147999999999996), (16104634, 75.567999999999998), (16104790, 75.994), (16104665, 77.442999999999998), (16104667, 77.798000000000002), (16104839, 78.254999999999995), (16104934, 78.554000000000002), (16104818, 79.870999999999995), (16104482, 80.823999999999998), (16104567, 81.453000000000003), (16104823, 83.787999999999997), (16104642, 84.063000000000002), (16104928, 85.429000000000002), (16104654, 85.801000000000002), (16104935, 86.034999999999997), (16104682, 86.674999999999997), (16104644, 86.864999999999995), (16104690, 86.954999999999998), (16104937, 90.218999999999994), (16104480, 90.308000000000007), (16104791, 90.537000000000006), (16104942, 90.756), (16104552, 91.695999999999998), (16104655, 93.671999999999997), (16104566, 93.869), (16104656, 94.239000000000004), (16104815, 94.328999999999994), (16104637, 94.807000000000002), (16104846, 94.891000000000005), (16104564, 97.126999999999995), (16104932, 99.069000000000003), (16104824, 99.388000000000005), (16104835, 100.26600000000001), (16104664, 101.922), (16104799, 103.663), (16104777, 103.66800000000001), (16104646, 104.188), (16104946, 104.51600000000001), (16104822, 105.01300000000001), (16104484, 105.83499999999999), (16101901, 105.867), (16104639, 107.431), (16104686, 108.56100000000001), (16104801, 109.626), (16104930, 109.676), (16104792, 110.05800000000001), (16104803, 111.32599999999999), (16104570, 112.378), (16104789, 112.80500000000001), (16104811, 113.23099999999999), (16104943, 114.18000000000001), (16104661, 115.866), (16104636, 116.58799999999999), (16104630, 121.05), (16104776, 121.20399999999999), (16104685, 122.333), (16104491, 123.008), (16104944, 123.15900000000001), (16104631, 123.16800000000001), (16104787, 125.042), (16104573, 125.926), (16104568, 126.369), (16104793, 127.00700000000001), (16104559, 128.048), (16104809, 129.31), (16104476, 130.41999999999999), (16104794, 130.56899999999999), (16101906, 130.994), (16104494, 131.922), (16104669, 134.048), (16104933, 135.024), (16104647, 136.42599999999999), (16104677, 138.495), (16104561, 140.25), (16104828, 140.44800000000001), (16104551, 140.80799999999999), (16104810, 142.22200000000001), (16104497, 142.607), (16104808, 143.33199999999999), (16104498, 143.66), (16104840, 144.417), (16104784, 145.80600000000001), (16104830, 148.09399999999999), (16104845, 148.47200000000001), (16104829, 148.48699999999999), (16104678, 150.75700000000001), (16104481, 150.773), (16104786, 151.066), (16104778, 151.26499999999999), (16104850, 152.51900000000001), (16104562, 154.988), (16104672, 155.31200000000001), (16104941, 156.50200000000001), (16104940, 157.672), (16104695, 160.398), (16104487, 160.45699999999999), (16104666, 160.56800000000001), (16104949, 161.28700000000001), (16104660, 163.56200000000001), (16104697, 170.34800000000001), (16104938, 171.66999999999999), (16104556, 171.917), (16104779, 172.24700000000001), (16101903, 173.27600000000001), (16104841, 177.69399999999999), (16104689, 177.98099999999999), (16104663, 178.023), (16104492, 180.971), (16104826, 183.62700000000001), (16101907, 184.221), (16104490, 186.28399999999999), (16104652, 191.01599999999999), (16104657, 194.869), (16104483, 197.88399999999999), (16104478, 203.30799999999999), (16104645, 203.881), (16104837, 204.58099999999999), (16104783, 205.191), (16104643, 205.24299999999999), (16104560, 207.05699999999999), (16104947, 224.702), (16104698, 231.27000000000001), (16104948, 238.298), (16104633, 238.31), (16104692, 246.90299999999999), (16104626, 250.37), (16104554, 250.994), (16104797, 263.08600000000001), (16104651, 263.875), (16104572, 266.07499999999999), (16104628, 314.18299999999999), (16104565, 401.41800000000001), (16104495, 450.11799999999999), (16104814, 451.83800000000002), (16104796, 558.19100000000003), (16104489, 591.86699999999996)]

星期每天内24小时用水量:
星期1:
[135.995, 91.957999999999998, 42.064, 26.655999999999999, 30.356000000000002, 46.786999999999999, 107.77800000000001, 140.51599999999999, 169.857, 161.25800000000001, 112.94499999999999, 104.527, 102.997, 128.37100000000001, 135.08699999999999, 94.454999999999998, 91.025999999999996, 109.01300000000001, 139.18899999999999, 196.46700000000001, 332.21699999999998, 387.80000000000001, 315.60899999999998, 233.29499999999999]
星期2:
[146.90199999999999, 88.525999999999996, 41.731000000000002, 26.404, 30.669, 47.688000000000002, 109.88200000000001, 147.06, 167.21199999999999, 147.22, 118.28100000000001, 123.03700000000001, 114.322, 128.96799999999999, 139.70699999999999, 93.631, 89.338999999999999, 102.614, 137.887, 202.05000000000001, 345.19200000000001, 412.86900000000003, 334.31299999999999, 254.833]
星期3:
[149.67099999999999, 88.281000000000006, 43.191000000000003, 27.675999999999998, 31.303999999999998, 47.573, 115.283, 152.584, 169.52799999999999, 139.49000000000001, 108.09699999999999, 117.878, 101.857, 123.976, 130.66300000000001, 92.864000000000004, 87.128, 98.346000000000004, 129.93100000000001, 197.624, 331.11000000000001, 394.25799999999998, 324.596, 246.10900000000001]
星期4:
[149.53999999999999, 86.751999999999995, 39.838000000000001, 25.722999999999999, 29.940000000000001, 46.311999999999998, 110.40300000000001, 145.429, 161.363, 136.91800000000001, 104.777, 114.914, 104.78100000000001, 122.191, 131.39099999999999, 91.353999999999999, 83.084999999999994, 95.510000000000005, 125.593, 192.60400000000001, 329.31299999999999, 385.62200000000001, 319.851, 245.55799999999999]
星期5:
[144.83500000000001, 88.888000000000005, 39.264000000000003, 25.175999999999998, 29.951000000000001, 49.094000000000001, 112.11499999999999, 142.24600000000001, 160.03100000000001, 141.721, 109.047, 115.608, 98.052000000000007, 117.38, 134.239, 94.481999999999999, 87.281000000000006, 98.709999999999994, 119.21299999999999, 172.70099999999999, 281.61500000000001, 321.06700000000001, 278.35500000000002, 243.59]
星期6:
[161.82300000000001, 107.128, 49.759999999999998, 29.218, 23.475000000000001, 40.195, 90.685000000000002, 121.258, 175.102, 186.40299999999999, 160.66399999999999, 167.46199999999999, 144.33799999999999, 146.376, 149.10599999999999, 113.509, 113.577, 127.895, 147.43700000000001, 190.51300000000001, 259.48599999999999, 265.88099999999997, 237.50399999999999, 217.36600000000001]
星期7:
[149.53200000000001, 106.393, 54.423000000000002, 31.675999999999998, 22.382999999999999, 34.067999999999998, 71.921999999999997, 120.815, 172.91200000000001, 214.892, 191.74799999999999, 200.54400000000001, 174.08600000000001, 157.708, 138.27500000000001, 109.973, 118.032, 145.18600000000001, 169.274, 231.03, 289.01999999999998, 321.25700000000001, 263.322, 216.483]

