"FullData.xlsx"-无check
len(df_copy): 211
len(df): 1048575
[698.05100000000004, 639.97000000000003, 538.62300000000005, 545.61800000000005, 483.21100000000001, 516.572, 559.20399999999995, 399.84100000000001, 405.88600000000002, 464.096, 578.351, 823.98199999999997, 1276.7439999999999, 1463.943, 1195.258, 943.68600000000004, 590.24599999999998, 374.20699999999999, 185.703, 109.874, 105.66500000000001, 174.14099999999999, 400.21199999999999, 570.04100000000005]
[2010.7280000000001, 2111.5300000000002, 1945.8399999999999, 1988.806, 1821.905, 1965.7439999999999, 2198.5720000000001]
[1698.482, 1630.6369999999999, 2030.664, 2126.681, 2250.6990000000001, 1575.058, nan, nan, nan, nan, 1848.845, 882.05899999999997]
-----------------------------------------------------------------
"FullData.csv"-无check
len(df_copy): 211
minData(): 2016-10-31 15:59:00
maxData(): 2017-11-30 23:59:00
len(df): 1868140
小时:[1292.527, 1230.877, 1000.902, 1028.3309999999999, 914.88800000000003, 1011.331, 1046.615, 758.47400000000005,
      725.76800000000003, 848.93200000000002, 1058.577, 1504.4939999999999, 2367.4830000000002, 2713.9180000000001,
	  2251.7489999999998, 1807.24, 1140.557, 722.14400000000001, 349.83499999999998, 216.19200000000001, 218.251,
	  344.65699999999998, 785.02599999999995, 1068.462]
星期:[3745.5920000000001, 3870.3449999999998, 3757.1610000000001, 3782.4589999999998, 3490.538, 3704.9520000000002,
      4056.183]
月份:[1698.482, 1630.6369999999999, 2030.664, 2126.681, 2250.6990000000001, 2358.54, 2506.0720000000001,
     2477.0540000000001, 2320.087, 2133.6419999999998, 3992.6129999999998, 882.05899999999997]

"FullData.csv"-有check
len(df_copy): 211
minData(): 2016-10-31 15:59:00
maxData(): 2017-11-30 23:59:00
len(df): 1868140
小时:[1266.72, 1225.3050000000001, 985.11900000000003, 1022.423, 909.11000000000001, 1005.629,
      1038.9559999999999, 748.80700000000002, 718.45399999999995, 844.73599999999999, 1055.047,
	  1496.73, 2354.194, 2702.7860000000001, 2239.6019999999999, 1796.367, 1129.5050000000001,
	  715.36800000000005, 338.89999999999998, 213.316, 215.666, 341.62700000000001,
	  781.51199999999994, 1061.7560000000001]
星期:[3720.6410000000001, 3847.1010000000001, 3734.335, 3737.8980000000001, 3469.2829999999999,
     3670.1289999999999, 4028.248]
月份:[1695.511, 1628.3599999999999, 2011.019, 2121.7579999999998, 2237.2869999999998, 2340.8760000000002,
      2487.326, 2460.6379999999999, 2296.1840000000002, 2112.3710000000001, 3940.3240000000001, 875.98099999999999]

"FullData.csv"-	有check
len(df_copy): 211
minData(): 2016-10-31 15:59:00
maxData(): 2017-11-01 15:59:00
len(df): 1723005
小时:[1176.0050000000001, 1127.902, 905.55899999999997, 943.97000000000003, 840.43299999999999,
      924.97000000000003, 958.46799999999996, 690.26800000000003, 669.46799999999996,
      777.274, 968.524, 1382.989, 2167.953, 2488.7539999999999, 2073.5500000000002, 1657.2339999999999,
      1038.298, 657.92600000000004, 310.27100000000002, 192.529, 198.078, 311.71699999999998,
      718.06799999999998, 969.90800000000002]
星期(一-日):[3452.9749999999999, 3567.038, 3427.3919999999998, 3376.3939999999998,
      3196.634, 3393.8310000000001, 3735.8519999999999]
月份:[1695.511, 1628.3599999999999, 2011.019, 2121.7579999999998, 2237.2869999999998,
      2340.8760000000002, 2487.326, 2460.6379999999999, 2296.1840000000002, 2112.3710000000001,
	  1882.8050000000001, 875.98099999999999]
季度:5334.889,6699.919,7244.147,4871.156

-----------------------------------------------------
"TempData.xlsx"-无check
len(df_copy): 106
minData(): 2017-06-20 00:37:00
maxData(): 2017-06-22 23:59:00
len(df): 2296
[0.079000000000000001, 1.218, 0.91800000000000004, 0.71799999999999997, 1.1359999999999999, 1.675, 2.121, 1.425, 0.628, 1.161, 1.4610000000000001, 2.2240000000000002, 3.2480000000000002, 4.609, 4.4829999999999997, 2.4289999999999998, 1.7410000000000001, 1.302, 0.53400000000000003, 0.36499999999999999, 0.30599999999999999, 0.59999999999999998, 1.913, 1.7669999999999999]
[nan, 3.8769999999999998, 14.083, 20.100999999999999, nan, nan, nan]
[nan, nan, nan, nan, nan, 38.061, nan, nan, nan, nan, nan, nan]


"TempData.xlsx"-有check
len(df_copy): 106
minData(): 2017-06-20 00:37:00
maxData(): 2017-06-22 23:59:00
len(df): 2296
[0.025999999999999999, 1.163, 0.91800000000000004, 0.71799999999999997, 1.1240000000000001, 1.675, 1.754, 1.425, 0.628, 1.0369999999999999, 1.377, 2.2240000000000002, 3.2480000000000002, 4.6040000000000001, 4.3479999999999999, 2.2149999999999999, 1.732, 1.2509999999999999, 0.52100000000000002, 0.35599999999999998, 0.29999999999999999, 0.59999999999999998, 1.913, 1.702]
[nan, 3.2989999999999999, 13.685, 19.875, nan, nan, nan]
[nan, nan, nan, nan, nan, 36.859000000000002, nan, nan, nan, nan, nan, nan]
===================================================
各月内每天24小时总用水量
1月:
[78.808999999999997, 84.519000000000005, 71.506, 65.834999999999994, 64.337000000000003,
63.119, 69.753, 56.835999999999999, 57.368000000000002, 59.046999999999997,
75.605999999999995, 100.923, 154.619, 166.642, 135.85400000000001,
104.038, 72.320999999999998, 43.817, 17.395, 13.863, 11.782999999999999,
19.614000000000001, 41.195, 66.712000000000003]
2月:
[79.680000000000007, 74.462000000000003, 68.106999999999999, 60.146000000000001,
57.387999999999998, 58.929000000000002, 64.037999999999997, 53.616999999999997,
52.768999999999998, 58.145000000000003, 73.218000000000004, 100.574, 154.92400000000001,
172.17599999999999, 137.53299999999999, 101.166, 67.010999999999996, 39.127000000000002,
17.763000000000002, 10.704000000000001, 10.209, 16.053999999999998, 39.445, 61.174999999999997]
3月:
[97.986000000000004, 95.998000000000005, 75.778000000000006, 80.302999999999997,
65.620000000000005, 67.242999999999995, 78.159999999999997, 51.491, 56.813000000000002,
67.641000000000005, 82.703000000000003, 122.42700000000001, 184.679, 221.078,
173.83099999999999, 142.023, 82.072999999999993, 52.625999999999998, 26.187000000000001,
13.573, 13.33, 21.038, 57.692, 80.725999999999999]
4月:
[108.654, 103.509, 83.879000000000005, 87.480000000000004, 73.831999999999994,
78.028000000000006, 81.311999999999998, 53.375999999999998, 59.206000000000003,
67.959999999999994, 85.838999999999999, 120.864, 182.83699999999999, 212.709,
176.749, 149.465, 94.007000000000005, 60.381, 29.396999999999998, 16.640999999999998,
16.783999999999999, 25.43, 64.507999999999996, 88.911000000000001]
5月:
[111.133, 108.619, 78.564999999999998, 92.572000000000003, 77.683999999999997,
84.944000000000003, 82.855999999999995, 53.640000000000001, 60.313000000000002,
70.962000000000003, 85.450000000000003, 123.28400000000001, 191.81999999999999,
225.00700000000001, 188.417, 156.74000000000001, 103.32299999999999, 69.668000000000006,
35.442999999999998, 17.925999999999998, 19.629000000000001, 33.686999999999998,
71.754999999999995, 93.849999999999994]
6月:
[112.259, 103.675, 80.0, 88.463999999999999, 76.409000000000006, 92.771000000000001,
95.950999999999993, 62.055999999999997, 63.063000000000002, 73.046000000000006,
88.043999999999997, 135.25700000000001, 206.77199999999999, 247.21000000000001,
204.91800000000001, 167.48699999999999, 104.71599999999999, 64.251999999999995,
31.023, 17.175000000000001, 20.628, 33.777000000000001, 77.182000000000002, 94.741]
7月:
[125.66, 117.495, 90.427000000000007, 93.021000000000001, 88.704999999999998,
101.69799999999999, 99.912000000000006, 72.073999999999998, 68.691999999999993,
75.587999999999994, 94.727000000000004, 140.96100000000001, 218.86099999999999,
252.78999999999999, 211.78299999999999, 177.86099999999999, 107.629, 68.370999999999995,
30.024999999999999, 18.338000000000001, 23.93, 32.000999999999998, 80.850999999999999, 95.926000000000002]
8月:
[119.333, 115.27, 87.962000000000003, 94.998999999999995, 82.959999999999994,
100.913, 99.290000000000006, 72.039000000000001, 61.154000000000003,
70.948999999999998, 90.429000000000002, 139.23500000000001, 214.21000000000001,
253.16800000000001, 215.81800000000001, 177.09299999999999, 110.821, 71.102000000000004,
31.542000000000002, 19.187999999999999, 25.341000000000001, 36.210999999999999,
77.213999999999999, 94.397000000000006]
9月:
[115.126, 110.61799999999999, 78.683000000000007, 91.168999999999997, 77.719999999999999,
92.069000000000003, 89.501999999999995, 65.840999999999994, 58.704000000000001,
72.914000000000001, 90.275000000000006, 118.45999999999999, 202.87100000000001,
231.01400000000001, 205.614, 160.80600000000001, 102.98699999999999, 65.841999999999999,
30.757000000000001, 20.670000000000002, 17.969000000000001, 30.989000000000001,
74.400999999999996, 91.183000000000007]
10月:
[97.498000000000005, 108.854, 90.908000000000001, 88.903000000000006,
80.819999999999993, 82.007999999999996, 78.010999999999996, 62.375, 54.009,
68.486999999999995, 84.745000000000005, 113.791, 185.511, 202.952,
175.69499999999999, 140.18199999999999, 95.129999999999995, 58.808,
28.239999999999998, 18.152000000000001, 18.242000000000001, 28.530999999999999,
61.990000000000002, 88.528999999999996]
11月:
[90.722999999999999, 71.969999999999999, 69.150000000000006, 69.546999999999997,
65.402000000000001, 70.388999999999996, 80.141000000000005, 58.673999999999999,
52.100999999999999, 63.201999999999998, 82.534999999999997, 115.917,
184.46899999999999, 209.77600000000001, 167.80500000000001, 117.496,
65.983000000000004, 43.274999999999999, 21.797000000000001, 16.84, 13.460000000000001,
23.408000000000001, 49.722999999999999, 79.022000000000006]
12月:
[39.143999999999998, 32.912999999999997, 30.594000000000001, 31.530999999999999,
29.556000000000001, 32.859000000000002, 39.542000000000002, 28.248999999999999,
25.276, 29.332999999999998, 34.953000000000003, 51.295999999999999, 86.379999999999995,
94.231999999999999, 79.533000000000001, 62.877000000000002, 32.296999999999997, 20.657,
10.702, 9.4589999999999996, 6.7729999999999997, 10.977, 22.111999999999998, 34.735999999999997]
------------------------------------------
深圳市南山区平均气温
7月:高温[31,31,31,31,31,31,30,30,31,31,32,32,33,33,32,
         30,29,29,31,32,33,30,29,31,32,32,33,32,34,35,30]
	低温[26,26,26,27,27,25,26,25,27,26,25,25,26,27,25,
	     26,25,25,27,25,26,25,26,25,26,26,27,27,27,28,25]
	用水量[81.379000000000005, 84.715999999999994, 79.018000000000001, 73.819999999999993,
	       79.454999999999998, 79.915000000000006, 76.491, 80.105999999999995, 91.674999999999997,
		   81.540999999999997, 83.658000000000001, 79.278999999999996, 79.712999999999994,
		   76.088999999999999, 78.608999999999995, 80.513000000000005, 75.870999999999995,
		   74.257000000000005, 75.623000000000005, 81.503, 78.221999999999994, 79.228999999999999,
		   80.361999999999995, 80.983000000000004, 85.888999999999996, 80.819999999999993,
		   78.260999999999996, 74.046000000000006, 81.147999999999996, 89.103999999999999, 86.031000000000006]


2月:高温[15,13,13,15,12,14,16,16,19,20,18,19,20,22,23,
          24,22,23,25,26,20,17,18,20,22,23,23,24]
	低温[ 6, 7, 4, 6, 4, 6, 9, 11,14,11,10,11,11,13,16,
	      16,16,17,18,17,14,12,14,16,15,14,17,18]
     用水量[24.012, 33.786000000000001, 46.003999999999998, 47.390000000000001, 56.045999999999999,
	        57.341000000000001, 53.926000000000002, 55.289999999999999, 52.595999999999997,
			52.256, 56.491999999999997, 68.906000000000006, 60.874000000000002, 63.918999999999997,
			63.368000000000002, 64.671000000000006, 62.170000000000002, 69.420000000000002,
			70.626000000000005, 69.200999999999993, 66.921000000000006, 68.509, 58.222000000000001,
			55.378999999999998, 52.088999999999999, 67.808000000000007, 63.279000000000003, 67.858999999999995]



